31 0.53671875 0.3302083333333333 0.1046875 0.18541666666666667
24 0.4984375 0.19791666666666666 0.046875 0.11666666666666667
43 0.48203125 0.73125 0.1859375 0.22083333333333333
26 0.4015625 0.4947916666666667 0.04375 0.06041666666666667
44 0.615625 0.253125 0.05 0.035416666666666666
65 0.31796875 0.31875 0.0953125 0.125
27 0.709375 0.40625 0.01875 0.025
68 0.66328125 0.6354166666666666 0.0453125 0.041666666666666664
19 0.25390625 0.3625 0.1015625 0.2
12 0.28828125 0.5333333333333333 0.0734375 0.21666666666666667
