5 0.7703125 0.7979166666666667 0.13125 0.25833333333333336
62 0.51015625 0.5229166666666667 0.0890625 0.07083333333333333
7 0.35390625 0.5291666666666667 0.0265625 0.03333333333333333
76 0.7828125 0.646875 0.1 0.09791666666666667
35 0.3828125 0.6625 0.275 0.09166666666666666
53 0.68515625 0.4708333333333333 0.1171875 0.1625
41 0.40546875 0.8552083333333333 0.0828125 0.12708333333333333
19 0.09296875 0.7270833333333333 0.1859375 0.3875
12 0.58828125 0.5052083333333334 0.0765625 0.26875
13 0.209375 0.5333333333333333 0.065625 0.26666666666666666
