52 0.3078125 0.7114583333333333 0.090625 0.09375
32 0.41875 0.278125 0.05 0.03958333333333333
66 0.51171875 0.38229166666666664 0.0578125 0.06041666666666667
6 0.3703125 0.3875 0.09375 0.08333333333333333
33 0.67890625 0.31145833333333334 0.0328125 0.05625
45 0.43515625 0.5104166666666666 0.0640625 0.08333333333333333
46 0.56015625 0.675 0.1453125 0.12916666666666668
70 0.6859375 0.5447916666666667 0.03125 0.04791666666666667
41 0.2375 0.525 0.05 0.06666666666666667
60 0.53515625 0.26458333333333334 0.0796875 0.05416666666666667
