23 0.3734375 0.3072916666666667 0.046875 0.07291666666666667
15 0.67421875 0.5239583333333333 0.1796875 0.13958333333333334
72 0.4453125 0.478125 0.034375 0.06041666666666667
65 0.59375 0.6729166666666667 0.184375 0.2125
58 0.74453125 0.7197916666666667 0.0546875 0.07708333333333334
63 0.3734375 0.6385416666666667 0.0875 0.08541666666666667
28 0.26875 0.5052083333333334 0.04375 0.035416666666666666
68 0.61015625 0.359375 0.0359375 0.03125
50 0.5078125 0.23229166666666667 0.046875 0.06458333333333334
13 0.690625 0.2 0.065625 0.17083333333333334
