43 0.32421875 0.5 0.1234375 0.14166666666666666
14 0.6078125 0.31979166666666664 0.03125 0.04375
7 0.4859375 0.271875 0.015625 0.022916666666666665
56 0.49453125 0.5614583333333333 0.0265625 0.035416666666666666
39 0.353125 0.26875 0.034375 0.05416666666666667
27 0.37734375 0.371875 0.0140625 0.01875
9 0.5015625 0.43020833333333336 0.04375 0.03958333333333333
63 0.36015625 0.640625 0.0546875 0.052083333333333336
51 0.671875 0.43333333333333335 0.015625 0.020833333333333332
22 0.66328125 0.5375 0.1421875 0.10416666666666667
