23 0.7125 0.22083333333333333 0.015625 0.020833333333333332
52 0.69921875 0.24270833333333333 0.0265625 0.014583333333333334
14 0.63984375 0.24895833333333334 0.0203125 0.00625
15 0.634375 0.23333333333333334 0.05625 0.020833333333333332
57 0.6515625 0.22916666666666666 0.003125 0.004166666666666667
4 0.76640625 0.22291666666666668 0.0171875 0.020833333333333332
68 0.7890625 0.240625 0.009375 0.00625
29 0.71796875 0.23229166666666667 0.0140625 0.014583333333333334
22 0.825 0.25104166666666666 0.0375 0.014583333333333334
50 0.7515625 0.24583333333333332 0.021875 0.029166666666666667
