23 0.7203125 0.39791666666666664 0.053125 0.07916666666666666
52 0.42109375 0.6364583333333333 0.0796875 0.11458333333333333
43 0.375 0.26666666666666666 0.13125 0.1125
53 0.25625 0.68125 0.134375 0.20833333333333334
8 0.54375 0.23125 0.040625 0.05
4 0.315625 0.384375 0.053125 0.08125
37 0.6125 0.621875 0.134375 0.04791666666666667
51 0.44453125 0.4666666666666667 0.0171875 0.029166666666666667
69 0.6828125 0.265625 0.021875 0.035416666666666666
54 0.76875 0.6927083333333334 0.034375 0.03958333333333333
