52 0.5078125 0.4947916666666667 0.065625 0.08125
0 0.65546875 0.24895833333333334 0.0671875 0.07291666666666667
32 0.3640625 0.31145833333333334 0.021875 0.04791666666666667
1 0.540625 0.37083333333333335 0.03125 0.041666666666666664
43 0.50859375 0.26979166666666665 0.1078125 0.11041666666666666
7 0.665625 0.4708333333333333 0.01875 0.025
42 0.31171875 0.5510416666666667 0.1390625 0.16875
41 0.60546875 0.6739583333333333 0.0390625 0.052083333333333336
69 0.39453125 0.45625 0.0171875 0.029166666666666667
12 0.40703125 0.6375 0.0578125 0.1125
