0 0.309375 0.378125 0.071875 0.08125
66 0.67421875 0.4875 0.0453125 0.05416666666666667
14 0.52265625 0.478125 0.0421875 0.04375
16 0.58515625 0.6729166666666667 0.0328125 0.04583333333333333
35 0.70859375 0.684375 0.1671875 0.11458333333333333
45 0.5 0.25104166666666666 0.03125 0.07291666666666667
46 0.32421875 0.6041666666666666 0.1015625 0.1125
41 0.409375 0.4552083333333333 0.034375 0.04791666666666667
19 0.3765625 0.24270833333333333 0.084375 0.14375
20 0.6078125 0.3625 0.09375 0.10416666666666667
