5 0.77109375 0.6708333333333333 0.0984375 0.15416666666666667
48 0.49609375 0.25833333333333336 0.0421875 0.0625
66 0.54921875 0.5822916666666667 0.0671875 0.07708333333333334
43 0.7234375 0.521875 0.1625 0.16875
44 0.3609375 0.5947916666666667 0.078125 0.01875
53 0.3484375 0.24791666666666667 0.084375 0.15
70 0.73359375 0.38333333333333336 0.0265625 0.041666666666666664
40 0.459375 0.40208333333333335 0.04375 0.07083333333333333
75 0.27109375 0.41875 0.0703125 0.10416666666666667
21 0.69921875 0.209375 0.0703125 0.15625
