25 0.5984375 0.39166666666666666 0.040625 0.06666666666666667
26 0.32265625 0.6479166666666667 0.0515625 0.06666666666666667
71 0.440625 0.465625 0.0625 0.09375
16 0.7328125 0.6572916666666667 0.046875 0.06041666666666667
53 0.5140625 0.659375 0.1125 0.20208333333333334
63 0.3765625 0.29791666666666666 0.065625 0.05
4 0.734375 0.471875 0.059375 0.08541666666666667
67 0.6484375 0.28958333333333336 0.059375 0.0875
20 0.49921875 0.2375 0.1078125 0.10416666666666667
50 0.271875 0.4635416666666667 0.059375 0.07708333333333334
