5 0.4578125 0.47708333333333336 0.05 0.1
23 0.4734375 0.634375 0.04375 0.06458333333333334
1 0.4890625 0.2552083333333333 0.028125 0.03958333333333333
24 0.6875 0.4197916666666667 0.05 0.08958333333333333
14 0.58359375 0.3125 0.0296875 0.041666666666666664
57 0.3 0.4875 0.009375 0.0125
39 0.3625 0.34270833333333334 0.034375 0.05625
46 0.31484375 0.6552083333333333 0.1078125 0.10208333333333333
49 0.6484375 0.6083333333333333 0.040625 0.06666666666666667
18 0.58203125 0.5239583333333333 0.0828125 0.07291666666666667
