72 0.90234375 0.3229166666666667 0.0203125 0.020833333333333332
44 0.821875 0.30416666666666664 0.00625 0.008333333333333333
9 0.91015625 0.296875 0.0296875 0.027083333333333334
70 0.9859375 0.35520833333333335 0.01875 0.022916666666666665
4 0.89296875 0.3541666666666667 0.0390625 0.04583333333333333
42 0.784375 0.3125 0.1 0.09166666666666666
18 0.74296875 0.37395833333333334 0.0515625 0.01875
75 0.7 0.3302083333333333 0.065625 0.035416666666666666
20 0.975 0.31875 0.046875 0.0375
54 0.70859375 0.30416666666666664 0.0140625 0.016666666666666666
