64 0.3734375 0.30104166666666665 0.021875 0.03125
32 0.32265625 0.5333333333333333 0.0453125 0.03333333333333333
66 0.471875 0.6739583333333333 0.040625 0.06458333333333334
73 0.44140625 0.48125 0.0140625 0.03333333333333333
7 0.63671875 0.6552083333333333 0.0203125 0.027083333333333334
33 0.56796875 0.44479166666666664 0.0265625 0.04791666666666667
71 0.63984375 0.35208333333333336 0.0453125 0.06666666666666667
56 0.42578125 0.36770833333333336 0.0234375 0.03125
68 0.325 0.41875 0.01875 0.03333333333333333
55 0.55 0.24791666666666667 0.040625 0.0625
