61 0.2890625 0.5083333333333333 0.03125 0.05416666666666667
24 0.52109375 0.7020833333333333 0.0421875 0.14166666666666666
6 0.4703125 0.5291666666666667 0.065625 0.12083333333333333
65 0.30703125 0.39895833333333336 0.1515625 0.14375
59 0.56875 0.234375 0.08125 0.06875
4 0.69140625 0.49583333333333335 0.0578125 0.0875
28 0.2828125 0.7395833333333334 0.046875 0.0625
34 0.68125 0.7489583333333333 0.13125 0.06458333333333334
18 0.44453125 0.28229166666666666 0.0390625 0.08958333333333333
77 0.65390625 0.3489583333333333 0.0171875 0.04375
