5 0.5140625 0.38125 0.0625 0.13333333333333333
31 0.640625 0.48541666666666666 0.128125 0.18333333333333332
61 0.3609375 0.6364583333333333 0.0375 0.04791666666666667
62 0.553125 0.25104166666666666 0.084375 0.08958333333333333
15 0.70859375 0.38229166666666664 0.1140625 0.16041666666666668
58 0.54375 0.765625 0.0625 0.07708333333333334
3 0.32265625 0.22604166666666667 0.0484375 0.07708333333333334
4 0.79140625 0.675 0.0703125 0.1
55 0.30625 0.41354166666666664 0.059375 0.08541666666666667
75 0.4625 0.29270833333333335 0.06875 0.08125
