74 0.69453125 0.5552083333333333 0.1328125 0.03125
32 0.69921875 0.284375 0.0484375 0.052083333333333336
33 0.725 0.409375 0.0375 0.06041666666666667
45 0.5375 0.6572916666666667 0.06875 0.11041666666666666
3 0.36015625 0.25416666666666665 0.0609375 0.07916666666666666
63 0.4953125 0.503125 0.075 0.06458333333333334
10 0.55703125 0.2947916666666667 0.0671875 0.08958333333333333
67 0.33359375 0.4 0.0671875 0.1
60 0.7765625 0.703125 0.11875 0.06875
50 0.32265625 0.5833333333333334 0.0640625 0.08333333333333333
