32 0.5328125 0.7041666666666667 0.05 0.05416666666666667
57 0.3609375 0.4583333333333333 0.009375 0.0125
26 0.36640625 0.6572916666666667 0.0359375 0.04791666666666667
39 0.6515625 0.6166666666666667 0.040625 0.0625
17 0.49609375 0.36875 0.0296875 0.05
51 0.37890625 0.33541666666666664 0.0140625 0.020833333333333332
18 0.58984375 0.28854166666666664 0.0796875 0.035416666666666666
29 0.65859375 0.43645833333333334 0.0265625 0.035416666666666666
67 0.540625 0.509375 0.075 0.08541666666666667
12 0.478125 0.2125 0.034375 0.1375
