31 0.49296875 0.36770833333333336 0.0796875 0.21458333333333332
64 0.7 0.3333333333333333 0.03125 0.0375
52 0.5734375 0.25729166666666664 0.06875 0.06875
1 0.3171875 0.43854166666666666 0.04375 0.05625
25 0.8015625 0.496875 0.05 0.07291666666666667
65 0.27421875 0.6489583333333333 0.1828125 0.20208333333333334
17 0.65546875 0.590625 0.0453125 0.07291666666666667
10 0.353125 0.31666666666666665 0.06875 0.09166666666666666
4 0.53125 0.7114583333333333 0.065625 0.10208333333333333
13 0.4390625 0.171875 0.034375 0.16875
