5 0.28671875 0.29583333333333334 0.0703125 0.125
1 0.58359375 0.6947916666666667 0.0515625 0.06875
24 0.690625 0.20729166666666668 0.05625 0.12291666666666666
25 0.62734375 0.559375 0.0453125 0.07708333333333334
26 0.44375 0.375 0.040625 0.05416666666666667
65 0.48359375 0.5635416666666667 0.1703125 0.18541666666666667
17 0.45234375 0.24479166666666666 0.0296875 0.052083333333333336
69 0.2734375 0.6666666666666666 0.03125 0.05
19 0.7703125 0.3333333333333333 0.11875 0.2
60 0.309375 0.5020833333333333 0.109375 0.075
77 0.5640625 0.3145833333333333 0.015625 0.041666666666666664
