52 0.315625 0.5302083333333333 0.08125 0.10208333333333333
62 0.61015625 0.44895833333333335 0.1078125 0.11458333333333333
25 0.43671875 0.4354166666666667 0.0421875 0.07083333333333333
39 0.30703125 0.6885416666666667 0.0609375 0.08958333333333333
46 0.54609375 0.290625 0.1078125 0.08125
27 0.72265625 0.30520833333333336 0.0171875 0.022916666666666665
9 0.70390625 0.6239583333333333 0.0703125 0.06041666666666667
70 0.434375 0.253125 0.021875 0.035416666666666666
63 0.52265625 0.6197916666666666 0.0828125 0.08125
29 0.28046875 0.3802083333333333 0.0359375 0.04375
