64 0.67734375 0.24270833333333333 0.0109375 0.014583333333333334
0 0.79375 0.259375 0.040625 0.022916666666666665
66 0.7734375 0.278125 0.03125 0.014583333333333334
39 0.69609375 0.2677083333333333 0.0203125 0.027083333333333334
58 0.78046875 0.24166666666666667 0.0171875 0.016666666666666666
3 0.8484375 0.24791666666666667 0.01875 0.029166666666666667
10 0.71875 0.24375 0.03125 0.041666666666666664
49 0.73359375 0.228125 0.0140625 0.03125
20 0.63984375 0.25104166666666666 0.0515625 0.01875
12 0.86953125 0.22604166666666667 0.0296875 0.09791666666666667
