0 0.63125 0.23541666666666666 0.08125 0.07916666666666666
14 0.6984375 0.5947916666666667 0.059375 0.05625
65 0.30703125 0.471875 0.1609375 0.16041666666666668
76 0.359375 0.26458333333333334 0.10625 0.029166666666666667
71 0.5734375 0.50625 0.065625 0.09583333333333334
56 0.63671875 0.64375 0.0359375 0.05
58 0.52890625 0.33645833333333336 0.0453125 0.052083333333333336
27 0.7125 0.4083333333333333 0.01875 0.025
37 0.4703125 0.23958333333333334 0.046875 0.07916666666666666
20 0.3359375 0.6479166666666667 0.15625 0.15
