47 0.1625 0.6697916666666667 0.05 0.06041666666666667
64 0.46171875 0.6427083333333333 0.0421875 0.05625
65 0.365625 0.55625 0.178125 0.11666666666666667
71 0.05859375 0.8364583333333333 0.1171875 0.16875
9 0.396875 0.790625 0.071875 0.09375
75 0.74921875 0.909375 0.1515625 0.17708333333333334
38 0.6234375 0.534375 0.15625 0.10208333333333333
29 0.77578125 0.5729166666666666 0.0421875 0.05416666666666667
54 0.725 0.684375 0.034375 0.052083333333333336
77 0.47265625 0.49583333333333335 0.0171875 0.05
