32 0.8625 0.2833333333333333 0.028125 0.016666666666666666
66 0.74921875 0.3072916666666667 0.0328125 0.01875
73 0.75234375 0.26145833333333335 0.0078125 0.022916666666666665
7 0.92734375 0.3104166666666667 0.0140625 0.016666666666666666
49 0.6515625 0.275 0.01875 0.041666666666666664
42 0.6734375 0.23958333333333334 0.065625 0.07083333333333333
75 0.740625 0.27708333333333335 0.046875 0.025
29 0.80390625 0.28541666666666665 0.0171875 0.020833333333333332
54 0.8171875 0.26458333333333334 0.0125 0.0125
60 0.8515625 0.31666666666666665 0.05625 0.016666666666666666
