32 0.7078125 0.40520833333333334 0.05625 0.03958333333333333
66 0.68515625 0.278125 0.0484375 0.052083333333333336
43 0.43828125 0.48854166666666665 0.1578125 0.16041666666666668
14 0.49453125 0.65 0.0609375 0.058333333333333334
6 0.315625 0.2677083333333333 0.08125 0.052083333333333336
36 0.43046875 0.275 0.0296875 0.041666666666666664
27 0.565625 0.28854166666666664 0.015625 0.022916666666666665
9 0.303125 0.41041666666666665 0.05 0.0625
54 0.3046875 0.703125 0.0375 0.03958333333333333
77 0.659375 0.55 0.01875 0.04583333333333333
