23 0.709375 0.4375 0.04375 0.0625
43 0.56484375 0.6822916666666666 0.1328125 0.16875
25 0.4890625 0.31145833333333334 0.028125 0.052083333333333336
27 0.37421875 0.38229166666666664 0.0140625 0.01875
3 0.39609375 0.6552083333333333 0.0484375 0.07708333333333334
41 0.3546875 0.5145833333333333 0.0375 0.05
55 0.553125 0.3614583333333333 0.04375 0.06458333333333334
20 0.64765625 0.3145833333333333 0.0890625 0.1125
77 0.546875 0.5333333333333333 0.0125 0.029166666666666667
13 0.68203125 0.540625 0.0484375 0.11041666666666666
