31 0.71171875 0.19791666666666666 0.0171875 0.058333333333333334
43 0.69609375 0.23333333333333334 0.0546875 0.0125
6 0.628125 0.23541666666666666 0.028125 0.0125
33 0.7734375 0.24791666666666667 0.0125 0.020833333333333332
36 0.7625 0.22916666666666666 0.0125 0.008333333333333333
63 0.69765625 0.246875 0.0234375 0.00625
11 0.615625 0.221875 0.0125 0.01875
55 0.65390625 0.24479166666666666 0.0234375 0.027083333333333334
50 0.8046875 0.23020833333333332 0.021875 0.027083333333333334
30 0.8328125 0.24895833333333334 0.00625 0.01875
