1 0.33984375 0.22604166666666667 0.0359375 0.04791666666666667
73 0.26875 0.5739583333333333 0.025 0.052083333333333336
65 0.38515625 0.7395833333333334 0.1921875 0.22916666666666666
35 0.72890625 0.39479166666666665 0.1859375 0.08541666666666667
58 0.58828125 0.3375 0.0421875 0.05
36 0.55703125 0.6333333333333333 0.0484375 0.04583333333333333
28 0.27890625 0.4 0.0203125 0.041666666666666664
54 0.50078125 0.23020833333333332 0.0234375 0.03125
21 0.42578125 0.43333333333333335 0.0828125 0.19166666666666668
77 0.715625 0.5614583333333333 0.021875 0.04375
