5 0.48828125 0.36770833333333336 0.0609375 0.13125
23 0.69453125 0.5572916666666666 0.0578125 0.08958333333333333
1 0.54375 0.5604166666666667 0.046875 0.0625
39 0.27890625 0.26979166666666665 0.0453125 0.06875
4 0.62890625 0.26979166666666665 0.0484375 0.07291666666666667
51 0.43125 0.2604166666666667 0.0125 0.020833333333333332
68 0.3453125 0.628125 0.04375 0.035416666666666666
29 0.72578125 0.40625 0.0359375 0.04583333333333333
12 0.27265625 0.384375 0.0859375 0.18125
50 0.58359375 0.7291666666666666 0.0703125 0.09583333333333334
