47 0.3015625 0.49375 0.034375 0.04583333333333333
64 0.46015625 0.7322916666666667 0.0390625 0.052083333333333336
2 0.44140625 0.2708333333333333 0.0578125 0.125
44 0.29140625 0.33541666666666664 0.0640625 0.029166666666666667
17 0.21875 0.6833333333333333 0.05 0.07916666666666666
10 0.70859375 0.3645833333333333 0.0734375 0.09583333333333334
4 0.44453125 0.434375 0.0546875 0.08541666666666667
42 0.55625 0.5083333333333333 0.175 0.20833333333333334
21 0.56640625 0.19270833333333334 0.0546875 0.15625
50 0.784375 0.6489583333333333 0.06875 0.08958333333333333
