5 0.34609375 0.26666666666666666 0.0515625 0.09583333333333334
6 0.65078125 0.4114583333333333 0.0890625 0.03958333333333333
73 0.43515625 0.3697916666666667 0.0140625 0.035416666666666666
15 0.31328125 0.5322916666666667 0.0640625 0.17291666666666666
70 0.62890625 0.55625 0.0203125 0.029166666666666667
28 0.46640625 0.26979166666666665 0.0140625 0.03125
18 0.58515625 0.30520833333333336 0.0640625 0.07291666666666667
75 0.40703125 0.6697916666666667 0.0828125 0.09375
20 0.50390625 0.4979166666666667 0.0921875 0.12916666666666668
77 0.53515625 0.6739583333333333 0.0140625 0.027083333333333334
