5 0.55390625 0.6697916666666667 0.0765625 0.15208333333333332
52 0.50390625 0.265625 0.0671875 0.07291666666666667
57 0.76171875 0.7104166666666667 0.0140625 0.020833333333333332
76 0.471875 0.37604166666666666 0.06875 0.08958333333333333
71 0.4265625 0.515625 0.065625 0.09791666666666667
16 0.65 0.4166666666666667 0.0375 0.05
9 0.31328125 0.440625 0.0421875 0.06875
70 0.61953125 0.27395833333333336 0.0171875 0.035416666666666666
37 0.2609375 0.6166666666666667 0.14375 0.029166666666666667
29 0.3609375 0.32083333333333336 0.034375 0.041666666666666664
