48 0.7328125 0.3375 0.03125 0.029166666666666667
74 0.83203125 0.32395833333333335 0.0609375 0.014583333333333334
61 0.83359375 0.3541666666666667 0.0203125 0.025
52 0.7125 0.3177083333333333 0.040625 0.022916666666666665
57 0.815625 0.29791666666666666 0.00625 0.004166666666666667
9 0.91171875 0.34479166666666666 0.0421875 0.03125
51 0.98125 0.33541666666666664 0.009375 0.0125
55 0.76953125 0.296875 0.0296875 0.035416666666666666
50 0.92734375 0.2989583333333333 0.0328125 0.03958333333333333
13 0.99609375 0.359375 0.0046875 0.022916666666666665
