31 0.89765625 0.246875 0.0421875 0.08541666666666667
64 0.76328125 0.27291666666666664 0.0140625 0.016666666666666666
1 0.821875 0.25104166666666666 0.003125 0.014583333333333334
73 0.653125 0.24479166666666666 0.00625 0.01875
26 0.79296875 0.24166666666666667 0.0171875 0.020833333333333332
76 0.66875 0.2833333333333333 0.021875 0.020833333333333332
56 0.67578125 0.24166666666666667 0.0109375 0.016666666666666666
34 0.6796875 0.26875 0.009375 0.008333333333333333
38 0.759375 0.2604166666666667 0.071875 0.016666666666666666
13 0.83203125 0.23125 0.0234375 0.09166666666666666
