25 0.671875 0.25 0.015625 0.025
6 0.68203125 0.22604166666666667 0.0296875 0.010416666666666666
26 0.66015625 0.228125 0.0140625 0.01875
8 0.79375 0.2375 0.01875 0.0125
11 0.6234375 0.234375 0.0125 0.01875
69 0.709375 0.24895833333333334 0.009375 0.014583333333333334
19 0.77421875 0.19791666666666666 0.0359375 0.06666666666666667
22 0.79921875 0.25 0.0203125 0.016666666666666666
77 0.70625 0.23541666666666666 0.00625 0.016666666666666666
13 0.6265625 0.19583333333333333 0.01875 0.07083333333333333
