32 0.29453125 0.3229166666666667 0.0359375 0.058333333333333334
25 0.67265625 0.5677083333333334 0.0484375 0.07708333333333334
15 0.3578125 0.26145833333333335 0.096875 0.13541666666666666
72 0.7359375 0.3802083333333333 0.034375 0.05625
46 0.50859375 0.29270833333333335 0.1078125 0.08125
63 0.23515625 0.7270833333333333 0.0671875 0.10416666666666667
4 0.44921875 0.36770833333333336 0.0515625 0.08125
51 0.30625 0.5135416666666667 0.021875 0.03125
55 0.67109375 0.28958333333333336 0.0515625 0.07916666666666666
75 0.39921875 0.625 0.1078125 0.10416666666666667
