6 0.4265625 0.26875 0.078125 0.03333333333333333
33 0.2671875 0.5010416666666667 0.03125 0.04791666666666667
58 0.6359375 0.34479166666666666 0.034375 0.04375
36 0.3640625 0.6604166666666667 0.028125 0.05
9 0.63359375 0.46875 0.0296875 0.04583333333333333
37 0.35078125 0.375 0.0703125 0.07916666666666666
40 0.71640625 0.7114583333333333 0.0421875 0.06041666666666667
22 0.53203125 0.33229166666666665 0.1328125 0.03958333333333333
50 0.55390625 0.6583333333333333 0.0484375 0.06666666666666667
30 0.5 0.49583333333333335 0.0125 0.029166666666666667
