66 0.525 0.23020833333333332 0.053125 0.05625
24 0.4515625 0.4875 0.040625 0.14166666666666666
2 0.54765625 0.33229166666666665 0.0453125 0.14791666666666667
72 0.41796875 0.2864583333333333 0.0296875 0.052083333333333336
35 0.42890625 0.7677083333333333 0.1140625 0.3020833333333333
45 0.73359375 0.40208333333333335 0.0578125 0.09583333333333334
58 0.29921875 0.38229166666666664 0.0453125 0.052083333333333336
36 0.6765625 0.31354166666666666 0.0375 0.035416666666666666
59 0.64765625 0.584375 0.1296875 0.06458333333333334
55 0.2859375 0.6020833333333333 0.06875 0.1
