1 0.6171875 0.32083333333333336 0.03125 0.041666666666666664
2 0.47734375 0.3802083333333333 0.0390625 0.11041666666666666
72 0.515625 0.65 0.028125 0.04583333333333333
56 0.35859375 0.571875 0.0265625 0.035416666666666666
70 0.38046875 0.359375 0.0203125 0.03125
28 0.33359375 0.6760416666666667 0.0265625 0.04791666666666667
75 0.6140625 0.540625 0.084375 0.07708333333333334
29 0.48125 0.25625 0.025 0.03333333333333333
54 0.6890625 0.484375 0.01875 0.027083333333333334
21 0.7 0.665625 0.0875 0.13541666666666666
