31 0.471875 0.4114583333333333 0.09375 0.21875
32 0.58046875 0.340625 0.0515625 0.035416666666666666
43 0.72890625 0.440625 0.1546875 0.14791666666666667
71 0.50703125 0.6395833333333333 0.0703125 0.10416666666666667
45 0.31328125 0.5395833333333333 0.0734375 0.07916666666666666
63 0.70703125 0.640625 0.0828125 0.08541666666666667
10 0.51171875 0.228125 0.0640625 0.08958333333333333
51 0.36328125 0.29583333333333334 0.0171875 0.025
20 0.278125 0.41354166666666664 0.134375 0.12291666666666666
13 0.696875 0.20833333333333334 0.053125 0.17083333333333334
