5 0.7265625 0.2989583333333333 0.0375 0.06875
16 0.72890625 0.35833333333333334 0.0265625 0.03333333333333333
35 0.85390625 0.2989583333333333 0.1078125 0.01875
45 0.9484375 0.3177083333333333 0.028125 0.04375
27 0.771875 0.3 0.009375 0.0125
4 0.99609375 0.340625 0.0046875 0.03958333333333333
28 0.87421875 0.33958333333333335 0.0046875 0.0125
40 0.95703125 0.28958333333333336 0.0234375 0.016666666666666666
12 0.971875 0.30625 0.04375 0.15
13 0.85 0.31145833333333334 0.053125 0.13958333333333334
