15 0.521875 0.29791666666666666 0.090625 0.125
26 0.54921875 0.446875 0.0328125 0.04375
72 0.48984375 0.6833333333333333 0.0296875 0.04583333333333333
45 0.64765625 0.3875 0.0484375 0.06666666666666667
17 0.64296875 0.5677083333333334 0.0390625 0.05625
27 0.32265625 0.26458333333333334 0.0140625 0.016666666666666666
37 0.31875 0.678125 0.09375 0.09375
42 0.346875 0.36041666666666666 0.13125 0.15833333333333333
11 0.6421875 0.26458333333333334 0.028125 0.04583333333333333
67 0.425 0.5229166666666667 0.078125 0.08333333333333333
