48 0.51484375 0.38645833333333335 0.0390625 0.052083333333333336
1 0.6515625 0.6583333333333333 0.0375 0.05
24 0.64140625 0.25416666666666665 0.0390625 0.09583333333333334
14 0.61015625 0.38958333333333334 0.0359375 0.04583333333333333
2 0.50625 0.228125 0.040625 0.08541666666666667
35 0.403125 0.3333333333333333 0.140625 0.07083333333333333
46 0.3203125 0.428125 0.08125 0.11041666666666666
49 0.43515625 0.6270833333333333 0.0359375 0.06666666666666667
60 0.6890625 0.5208333333333334 0.084375 0.04583333333333333
13 0.33671875 0.6083333333333333 0.0515625 0.12083333333333333
