74 0.6453125 0.240625 0.040625 0.00625
33 0.78671875 0.24791666666666667 0.0140625 0.020833333333333332
56 0.67265625 0.240625 0.0109375 0.014583333333333334
58 0.72265625 0.22604166666666667 0.0171875 0.01875
27 0.7921875 0.23645833333333333 0.00625 0.00625
70 0.7125 0.2375 0.009375 0.0125
3 0.746875 0.21770833333333334 0.01875 0.022916666666666665
4 0.65234375 0.221875 0.0171875 0.022916666666666665
67 0.80859375 0.246875 0.0296875 0.010416666666666666
30 0.70078125 0.22083333333333333 0.0046875 0.016666666666666666
