52 0.4109375 0.5333333333333333 0.0875 0.06666666666666667
24 0.2640625 0.4510416666666667 0.05 0.15625
14 0.72265625 0.534375 0.0546875 0.03125
72 0.56328125 0.6072916666666667 0.0421875 0.07291666666666667
76 0.7859375 0.665625 0.034375 0.10625
45 0.30390625 0.5989583333333334 0.0671875 0.11041666666666666
4 0.56484375 0.5010416666666667 0.0546875 0.07708333333333334
40 0.5046875 0.8385416666666666 0.08125 0.13958333333333334
77 0.76171875 0.8302083333333333 0.0328125 0.09375
13 0.23671875 0.6458333333333334 0.1203125 0.325
