52 0.64375 0.725 0.125 0.12083333333333333
0 0.6890625 0.5614583333333333 0.1125 0.08541666666666667
24 0.73515625 0.45 0.0640625 0.15416666666666667
25 0.99765625 0.5760416666666667 0.0015625 0.022916666666666665
72 0.4984375 0.5177083333333333 0.034375 0.06041666666666667
45 0.43046875 0.628125 0.0484375 0.12291666666666666
37 0.690625 0.91875 0.19375 0.15833333333333333
42 0.8703125 0.6072916666666667 0.246875 0.23958333333333334
67 0.94765625 0.9104166666666667 0.1015625 0.12916666666666668
30 0.32109375 0.7875 0.0296875 0.0875
