5 0.77734375 0.25104166666666666 0.0296875 0.052083333333333336
47 0.71171875 0.27395833333333336 0.0140625 0.01875
64 0.70078125 0.30833333333333335 0.0171875 0.020833333333333332
52 0.90234375 0.2875 0.0328125 0.020833333333333332
25 0.76328125 0.296875 0.0203125 0.03125
57 0.6625 0.290625 0.003125 0.00625
26 0.82578125 0.30833333333333335 0.0234375 0.029166666666666667
39 0.646875 0.259375 0.01875 0.027083333333333334
28 0.85859375 0.303125 0.0203125 0.010416666666666666
38 0.875 0.278125 0.0875 0.022916666666666665
