5 0.45078125 0.23333333333333334 0.0546875 0.12083333333333333
47 0.309375 0.428125 0.03125 0.04375
61 0.6359375 0.7302083333333333 0.0375 0.04375
24 0.60859375 0.20625 0.0359375 0.12916666666666668
56 0.8015625 0.4822916666666667 0.034375 0.04375
45 0.4171875 0.6895833333333333 0.075 0.0875
53 0.64375 0.32916666666666666 0.109375 0.16666666666666666
36 0.27734375 0.6239583333333333 0.0546875 0.052083333333333336
3 0.45078125 0.3625 0.0515625 0.0875
49 0.3171875 0.24375 0.040625 0.08333333333333333
