31 0.7125 0.6322916666666667 0.1125 0.14375
74 0.6015625 0.49583333333333335 0.021875 0.11666666666666667
32 0.4140625 0.6604166666666667 0.01875 0.0625
43 0.69765625 0.39895833333333336 0.1171875 0.12708333333333333
62 0.6640625 0.275 0.075 0.09166666666666666
15 0.4453125 0.28229166666666666 0.121875 0.08125
16 0.58359375 0.35833333333333334 0.0296875 0.0375
58 0.378125 0.38333333333333336 0.0375 0.041666666666666664
9 0.49609375 0.434375 0.0296875 0.06041666666666667
13 0.33515625 0.465625 0.0515625 0.11458333333333333
