5 0.26796875 0.6041666666666666 0.0890625 0.15
14 0.37109375 0.2635416666666667 0.0421875 0.035416666666666666
25 0.4953125 0.3854166666666667 0.040625 0.06666666666666667
15 0.6828125 0.315625 0.140625 0.12708333333333333
57 0.75390625 0.54375 0.0109375 0.016666666666666666
36 0.63828125 0.4354166666666667 0.0359375 0.041666666666666664
41 0.28671875 0.421875 0.0453125 0.06041666666666667
55 0.51328125 0.23333333333333334 0.0484375 0.075
67 0.47109375 0.540625 0.0765625 0.11458333333333333
21 0.59296875 0.63125 0.0890625 0.19166666666666668
