32 0.63984375 0.3645833333333333 0.0390625 0.04583333333333333
25 0.46875 0.47291666666666665 0.03125 0.05416666666666667
2 0.515625 0.5802083333333333 0.028125 0.10625
45 0.57734375 0.3072916666666667 0.0265625 0.07291666666666667
59 0.60546875 0.490625 0.0828125 0.07291666666666667
37 0.32890625 0.3104166666666667 0.0859375 0.05416666666666667
51 0.45390625 0.340625 0.0109375 0.01875
68 0.3671875 0.6052083333333333 0.01875 0.03958333333333333
75 0.2734375 0.49270833333333336 0.065625 0.08541666666666667
13 0.6875 0.5958333333333333 0.06875 0.10833333333333334
