48 0.67578125 0.5927083333333333 0.0484375 0.08125
61 0.53671875 0.48020833333333335 0.0328125 0.04791666666666667
2 0.29375 0.25104166666666666 0.06875 0.13541666666666666
57 0.453125 0.2604166666666667 0.009375 0.0125
65 0.71484375 0.4166666666666667 0.1546875 0.15
58 0.2265625 0.6885416666666667 0.0625 0.06875
4 0.49609375 0.6041666666666666 0.0609375 0.09583333333333334
11 0.43203125 0.36666666666666664 0.0359375 0.0625
12 0.56953125 0.24479166666666666 0.0578125 0.18125
13 0.67890625 0.18541666666666667 0.0671875 0.16666666666666666
