72 0.6625 0.39166666666666666 0.025 0.041666666666666664
16 0.5890625 0.28020833333333334 0.028125 0.035416666666666666
17 0.32265625 0.3802083333333333 0.0359375 0.052083333333333336
46 0.59765625 0.5614583333333333 0.0828125 0.12708333333333333
36 0.453125 0.46145833333333336 0.034375 0.035416666666666666
63 0.6828125 0.678125 0.065625 0.07291666666666667
37 0.49453125 0.6708333333333333 0.0953125 0.075
22 0.390625 0.5229166666666667 0.14375 0.0625
77 0.4375 0.32083333333333336 0.0125 0.029166666666666667
12 0.33828125 0.21041666666666667 0.0453125 0.14583333333333334
