53 0.490625 0.4395833333333333 0.071875 0.12916666666666668
36 0.590625 0.284375 0.025 0.035416666666666666
9 0.346875 0.3177083333333333 0.028125 0.03958333333333333
59 0.4734375 0.30104166666666665 0.034375 0.08958333333333333
63 0.30703125 0.6635416666666667 0.0609375 0.08125
41 0.659375 0.3802083333333333 0.034375 0.04791666666666667
11 0.7125 0.5333333333333333 0.034375 0.05
68 0.46171875 0.6875 0.0328125 0.025
69 0.61640625 0.7177083333333333 0.0234375 0.035416666666666666
54 0.36875 0.43854166666666666 0.01875 0.027083333333333334
